弱智吧官方水楼！注意！从今天起在其他贴子里水经验将概率封禁

3
报告长官，我们把三楼抢下来了！
，
3
3
感觉我会在这里淹死
3
3
3
3
3
3
3
3
3
3
3
3
3
3
3
3
3
3
3
建议置顶
3
3
3
3
3
3
3
3
3
3
3
3
3
3
3
3
3
3
3
3
3
3
3
支持
3
3
3
3
3
3
3
智齿
3
3
3
3
3
3
3
3
3
3
3
3
3





3

3
three
3

太阴真水
九幽之水
3
黄泉之水
3
3
幽冥之水
3
3
经验+3
3
3

？
3
经验加三
3
3
水
水
33
3
3
3
3
3
3
3
水
3
333
333
321
+3
，
，
，
，
3
3？
3
3
3
3
3
3
3
3
+3
3
3
3
报告
淼
3
3
3
3
3
3
3
3
3
3
3
3
3
3
3
3
3
3
好好好好好好好好好好
3
3
3
3
3
3
智齿
3
3
3
3
3
3

3
3
3
3
3
3
3
水
3
问：
1、再其他帖子里水经验被封禁的概率是多少？（要求用百分数形式表示）
2、若8u们的日均发帖量为114楼，求你在此贴被水楼淹死的数学期望是多少？

3
报告长官我们把188楼打下来了
3
333
3
3
，
3
3
3
3
3
3
3
3
3
3
3
3
3
呃
3
3
3
3
3
3


什么破烂水楼都不能惊艳加酒


3
3
3
3
3
3
3
3





吧务你是见贴就删啊
3
3
3
3
3
不要
不开求助是吧😅
3
3
转成求助吧球球了😭
什么破烂水楼都不能惊艳加酒
精盐＋6
亖
3

你的水楼还没有我脑子里的水多
3
3
3
3
3
3
3
3
3
3
3
3
小吧主和吧主什么关系？
3
3
3
3
333333
3
谁问你了
这个贴子不能置顶的话时间一长全都忘了

3
33333
233
3333
+3
3
333333
3
3
3
3
，
3

3
3
3
3
3
3
3
3
3
3
3
3
3
3
3
3
3



3
3
3
3
3

3
3
333
3
3

每天水还得进收藏里找是吧
3
3
3
3

3
3
3
3
3
3
3
hhy
3
3
3
3
3
3
不够严谨。从几点开始？
3
3
3
3
3
3
3
3
3
3
3
3

3
33333
3
3
3
3
3
3
3
3
3
3
3
3
好
3
3
33
3
3
3
3
3
3

没有求助标签啊
三
333
3




3

3
3
不需要，不够弱智的言论没有存在的必要

3
3
3
3
3
三
3
3
3

这下不得不+3了
1
3


3
3
3
3
+3
3
3
3
3
3
3
3
3
3
3
3
3
3
3
所以有概率不封禁
3
3
3
为什么不是求助帖
3
3
3
3
3
3
3
2
3
3
3
3
3
3
有概率的 大家不比惊慌 这概率不是百分百 不一定被封
3
3
3
3
3
3
3
3
3
3
3
3
3
3
3
3
加3
3
3
3
3

3

3
+3
3
3
3
3
3
至少
3

3
3
3
3
蛐蛐小吧主，你谁啊？看不起你。不喝你给的水！把院长叫来！
3
+3
3
ㄐㄧㄣ √3
淼
3
3
3
3
3
啊？
3
3
3
3
3
854🐎
3
3
3
3
3

3
3
3
3
3
3
3
3
3
3
3
3
3

你怎么不从明天起呀
rz
3


333
3
3
3
3
11
3
55
1
2
33
3
4
弟弟
5
凡凡
6
7
8
9
👿
3
+3
3
好。
吧主带头水是吧
3
好好好
不如开求助贴


3
3
3
3
3
3
3
3
3
3
3
3
3
3
3
3
好好好
3
3
3
3
3
3
3
逆天
3
3
3

3
3
3
3
3
3
3
3
3
3
3
3
3
3

3
水水水水水水水水水水水水水水水水水水水
好好好
好好好

确实该这样
☞3
好好好
3
3
3
3
3
好好好
3
好好好
没问题
3

好好好
3
3
好好好
3
3
3
啊？
好
为什么要将概率封禁？概率做错了什么？
3
3
3
3
3
3
3
3
3
3
3
3
3

3
3
3
3
3
3
3

3
3
3
3
JY➕3
3
3
3
3
3
3
3
3
3
3
3
3
+3
3

3
3
3
3
3
3





弱水三千
3
3
3
3
概率被封，那就有概率不被封，所以还是照水不误
3
333
3
3
3
3
3
3
3
3
点击展开，查看完整图片
3
不公平，重赛！
3
3
3
3
3
3
3
3
你是？
好

3
知道了，退下吧
为什么是有概率？
3
3
3





+3
3
3
3
3
要不是你是小吧，我一定认为你是神经兵
3
。


。
3
3
3
3
3
3
3
3
今天玩O神赚了150原石，一原石等于一刀乐，相当于1100人民币
3
3
3
3
3

好好好，3
3
3
闪光弹
3
为什么没有火楼
3
3
3
3
3
3
3
3
3
3
三
是
3
3
3
3
3
呜呜呜
呜呜呜
呜呜呜
( ๑ŏ ﹏ ŏ๑ )
3
3

3
3
333
①



3
3
3

。
3
3
3
3
3
好吧
3

3
3
3

3
3
3
3
3
3
3
3
如果我在这里看明白了，那我还是***
3
3
3
3
3
3
3
好好好
3
3
💜崩🧡铁💛不💚在💙家💗
💜一🧡个💛人💚寂💙寞💗
火✩熱✩原✩神✩兌✩換✩碼
❤️❤️❤️🔞原神兌換碼🔞❤️❤️❤️
❤️❤️🔞🔞等你來🔞🔞❤️❤️
❤️❤️激♀情♂原神兌換碼
線路一RCGMCXM3DXMN
線路二GCYMUE53CWNS
線路三ACG4VF43DF6W
💜崩🧡铁💛不💚在💙家💗
💜一🧡个💛人💚寂💙寞💗
火✩熱✩原✩神✩兌✩換✩碼
❤️❤️❤️🔞原神兌換碼🔞❤️❤️❤️
❤️❤️🔞🔞等你來🔞🔞❤️❤️
❤️❤️激♀情♂原神兌換碼
線路一RCGMCXM3DXMN
線路二GCYMUE53CWNS
線路三ACG4VF43DF6W
💜崩🧡铁💛不💚在💙家💗
💜一🧡个💛人💚寂💙寞💗
火✩熱✩原✩神✩兌✩換✩碼
❤️❤️❤️🔞原神兌換碼🔞❤️❤️❤️
❤️❤️🔞🔞等你來🔞🔞❤️❤️
❤️❤️激♀情♂原神兌換碼
線路一RCGMCXM3DXMN
線路二GCYMUE53CWNS
線路三ACG4VF43DF6W
💜崩🧡铁💛不💚在💙家💗
💜一🧡个💛人💚寂💙寞💗
火✩熱✩原✩神✩兌✩換✩碼
❤️❤️❤️🔞原神兌換碼🔞❤️❤️❤️
❤️❤️🔞🔞等你來🔞🔞❤️❤️
❤️❤️激♀情♂原神兌換碼
線路一RCGMCXM3DXMN
線路二GCYMUE53CWNS
線路三ACG4VF43DF6W
3
3
3
3
3
3
3
3

用小坡的头像有啥讲究吗
3
3
3


英语

背包
3
3
3
3
3




3
3
3
3
3
3
3
3
3

反正我不叫概率
不是水楼吗？水呢？
3
+3
3



3
3
2
1
0
-1
6/2
3
3
1
－3经验
3

3
头好痒啊

3
3
3
3
3
3
3
3
3
3
你好

3
非常好的帖子
3
你谁啊，你这个帖子违反吧规了你知道吗
3
3
3
3
3
3
3
3
3
3
3
哦
哦
好活

呃呃
好好好，+3
3
3
加三
3
3
3
3
3

加三
3
3
？
33
3
3
3
3
3
点击展开，查看完整图片
3
3
将概率怎么了你？

3
3
3




3
3

3
3
√9


。
3
3
3
3

3
4-1
3
3
33
3
3
3
3
3
3
3
3
3

3
3
3
3
3
3
3
3
3


3
3
3
33
3
3
5
3
3
3
3
大哥交线
3
3
3
3
3
3
3
3
3
3

3
3
3
3
3
3
3
3
z
3
3
3
有多大概率封禁？有保底吗？
这个水贴怎么还没封？
3
1+2
那就3吧
3
3
3
3
3
3
3
e
e
3
333
3
3
3
3
3
3
3
3
3
3
3
3
3
3
，
，
3

3
3
3
3
3
3
3
3
好活支持
3
3
那啥，求助贴比较好吧
3
3
3
3
3
3
3
3
3
3
3
3




3
3
滚
概率是谁
3
3
3
3
3
整个求助贴好好好
3

3
3
好好好，水
3
3
干得好
3
3
3
3
3
3
3
3
3
3
3
3
3
3
3
3
3

3
3
3
3
3
3
3
c
3

3
3
3
3
3
33

3
3
3

3
3
3
3
3
3
说实话，光靠签到升级太慢了，所以我就 复制了这段话遇评论就回，一次最少也得15 经验值，而且还能保证我的帖子不沉。
q
水






3
会不会有个人在我水完楼以后来一句知道水楼出院。
👧


3
3
说实话，光靠签到升级太慢了，所以我就 复制了这段话遇评论就回，一次最少也得15 经验值，而且还能保证我的帖子不沉。
3
3





3
可爱
啊？
3
3
3
3
33
3
3
3
水
水
水
水！狠狠地水！
3
3
3
3
3
3
3
3
3
3
3
3
3
3
3
3
3
3

6
33
3
3
3
3
rz是看不懂的😡
3
3
3
3

3
3
3
3
3
3
听说这个挺多经验的 ิۖิۣ ۣۣۖۖۖۖิۖิิۣۣۖۖิ ۖิิۣۣۖۖิۣ ۣۣۖۖۖิۖิิ ۣۣۖۖ ۖ ۣۣۖۖิ ۖิิۣۣۖۖิۣ ۣۣۖۖۖิۖิิ ۣۣۖۖ ۖ ۣۣۖۖิ ۖิิۣۣۖۖิۣ ۣۣۖۖۖิۖิิ ۣۣۖۖ ۖ ۣۣۖۖิ ۖิิۣۣۖۖิۣ ۖ~
ۣۣۖۖۖิۖิิ ۣۣۖۖ ۖ ۣۣۖۖิ ۖิิۣۣۖۖۖิۖิิ ۣۣۖۖ ۖ ۣۣۖۖ ۖ ۣۣۖۖิ ۖิิۣۣۖۖิ ۖิิۣۣۖۖۖิۖิิ ۣۣۖۖ ۖ ۣۣۖۖิ ۖิิۣۣۖۖิۣۣۣۖۖۖิۖิิ ۣۣۖۖ ۖ ۣۣۖۖิ ۖิิۣۣۖۖิۣ ۣۣۖۖۖิۖิิ ۣۣۖۖ ۖ ۣۣۖۖิ ۖิิۣۣۖۖิۣ ۣۣۖۖۖิۖิิ ۣۣۖۖ ۖ ۣۣۖۖิ ۖิิۣۣۖۖิۣ ۣۣۖۖۖิ
ิۖิۣ ۣۣۖۖۖۖิۖิิۣۣۖۖิ ۖิิۣۣۖۖิۣ ۣۣۖۖۖิۖิิ ۣۣۖۖ ۖ ۣۣۖۖิ ۖิิۣۣۖۖิۣ ۣۣۖۖۖิۖิิ ۣۣۖۖ ۖ ۣۣۖۖิ ۖิิۣۣۖۖิۣ ۣۣۖۖۖิۖิิ ۣۣۖۖ ۖ ۣۣۖۖิ ۖิิۣۣۖۖิۣ ۖ
ۣۣۖۖۖิۖิิ ۣۣۖۖ ۖ ۣۣۖۖิ ۖิิۣۣۖۖۖิۖิิ ۣۣۖۖ ۖ ۣۣۖۖ ۖ ۣۣۖۖิ ۖิิۣۣۖۖิ ۖิิۣۣۖۖۖิۖิิ ۣۣۖۖ ۖ ۣۣۖۖิ ۖิิۣۣۖۖิۣۣۣۖۖۖิۖิิ ۣۣۖۖ ۖ ۣۣۖۖิ ۖิิۣۣۖۖิۣ ۣۣۖۖۖิۖิิ ۣۣۖۖ ۖ ۣۣۖۖิ ۖิิۣۣۖۖิۣ ۣۣۖۖۖิۖิิ ۣۣۖۖ ۖ ۣۣۖۖิ ۖิิۣۣۖۖิۣ ۣۣۖۖۖิ
上边的字超过700哦，大家用这个水吧，省空间，不然影响看帖。
3
3
1
2
4
3
3
3
3
3
3
3
3
3
3
3
3
3
3
3
3
3
3
收到
3
3
3





3
3
3
3
3

3
3
3
3
不行
3
3
3
3
3
3
3
3
3
3
3
3
3
3
3
3
3
3
3
3
3
3
嘿嘿嘿
玩玩
3
3
3
3
3
3
3
3
3
3
3
3
3
3
中了中了，史铁生一记漂亮的倒挂金钩，这一球奠定了中国男足的世界杯冠军！奇迹出现了！中国队捧起了大力神杯！
3
3
3
3
3
3
3

氵
3
3
3
3
3
3
3
3
3
3
3
3
3
3
3
3
3
3
3
33
3
氵
3
3
3
3
：
3
3

3
经验＋三
3
3
啊，怎么会
3
哦
好好好

发生什么事了
哦
3
3
3
3
3
3
3
3
3
3
3
3
3
4
3
3
3
3
3
3
3
3
3
3
3
3
3
3
3
3
3
3
3
3
3
3
3
3

3
真的吗
好像不是
是吗
如来
3
3
3
1
3
3
3
3
3
3
1
3
333
3
3
3
弱智小吧主
3
3
经验+3
3
3
3
3
3
+3
3
3
3
3
3
3
3
3
3
3
3

这是在干什么
3
3
3
3
3
那我也来
3
3
3
3
3
3
3
3
3
3
3
3
3
3
3
